Random Forest Performance:
              precision    recall  f1-score   support

         0.0       0.05      0.72      0.10      2140
         1.0       0.06      0.18      0.09      7558
         2.0       0.12      0.11      0.11     24438
         3.0       0.32      0.27      0.29     58844
         4.0       0.52      0.21      0.30    118668
         5.0       0.46      0.45      0.45    119455
         6.0       0.50      0.77      0.60     78007

    accuracy                           0.39    409110
   macro avg       0.29      0.39      0.28    409110
weighted avg       0.43      0.39      0.39    409110

XGBoost Performance:
              precision    recall  f1-score   support

         0.0       0.45      0.86      0.59      2140
         1.0       0.50      0.68      0.57      7558
         2.0       0.58      0.65      0.61     24438
         3.0       0.72      0.71      0.71     58844
         4.0       0.83      0.79      0.81    118668
         5.0       0.85      0.82      0.84    119455
         6.0       0.88      0.92      0.90     78007

    accuracy                           0.80    409110
   macro avg       0.69      0.78      0.72    409110
weighted avg       0.81      0.80      0.81    409110

Decision Tree Performance:
              precision    recall  f1-score   support

         0.0       0.08      0.35      0.12      2140
         1.0       0.11      0.39      0.17      7558
         2.0       0.13      0.20      0.16     24438
         3.0       0.26      0.27      0.26     58844
         4.0       0.41      0.10      0.17    118668
         5.0       0.41      0.52      0.46    119455
         6.0       0.57      0.65      0.61     78007

    accuracy                           0.37    409110
   macro avg       0.28      0.36      0.28    409110
weighted avg       0.39      0.37      0.35    409110

