Random Forest Performance:
              precision    recall  f1-score   support

           0       0.37      0.53      0.44     15961
           1       0.22      0.19      0.20     12498
           2       0.21      0.20      0.20     13231
           3       0.40      0.11      0.17     17126
           4       0.40      0.57      0.47     19191
           5       0.23      0.57      0.32     22830
           6       0.25      0.08      0.12     23001
           7       0.22      0.11      0.14     23245
           8       0.32      0.09      0.15     25244
           9       0.29      0.48      0.36     25135
          10       0.28      0.45      0.35     26521
          11       0.22      0.19      0.21     23809
          12       0.23      0.06      0.09     23696
          13       0.24      0.24      0.24     23238
          14       0.25      0.23      0.24     21404
          15       0.35      0.09      0.15     15028
          16       0.23      0.35      0.28     13238
          17       0.21      0.14      0.17     11597
          18       0.22      0.06      0.09     10310
          19       0.17      0.47      0.25      8671
          20       0.32      0.22      0.26      6040
          21       0.26      0.16      0.20      5322
          22       0.22      0.04      0.06      4813
          23       0.15      0.38      0.22      4096
          24       0.20      0.42      0.27      4167
          25       0.53      0.08      0.14      2453
          26       0.25      0.00      0.00      1672
          27       0.31      0.03      0.05      1422
          28       1.00      0.00      0.00      1097
          29       0.12      0.92      0.22       914
          30       0.35      0.94      0.51       742
          31       0.00      0.00      0.00       462
          32       0.00      0.00      0.00       357
          33       0.00      0.00      0.00       301
          34       0.00      0.00      0.00       278

    accuracy                           0.26    409110
   macro avg       0.26      0.24      0.19    409110
weighted avg       0.27      0.26      0.23    409110

XGBoost Performance:
              precision    recall  f1-score   support

           0       0.80      0.76      0.78     15961
           1       0.46      0.50      0.48     12498
           2       0.40      0.44      0.42     13231
           3       0.51      0.44      0.47     17126
           4       0.71      0.75      0.73     19191
           5       0.57      0.66      0.61     22830
           6       0.39      0.37      0.38     23001
           7       0.37      0.31      0.34     23245
           8       0.46      0.41      0.44     25244
           9       0.57      0.65      0.61     25135
          10       0.59      0.61      0.60     26521
          11       0.34      0.33      0.33     23809
          12       0.34      0.29      0.31     23696
          13       0.34      0.33      0.34     23238
          14       0.51      0.61      0.55     21404
          15       0.59      0.62      0.60     15028
          16       0.39      0.34      0.36     13238
          17       0.35      0.32      0.33     11597
          18       0.37      0.37      0.37     10310
          19       0.51      0.59      0.55      8671
          20       0.47      0.47      0.47      6040
          21       0.34      0.34      0.34      5322
          22       0.33      0.27      0.30      4813
          23       0.30      0.32      0.31      4096
          24       0.48      0.55      0.51      4167
          25       0.71      0.55      0.62      2453
          26       0.40      0.34      0.36      1672
          27       0.35      0.30      0.33      1422
          28       0.34      0.32      0.33      1097
          29       0.29      0.64      0.40       914
          30       0.42      0.67      0.52       742
          31       0.26      0.25      0.26       462
          32       0.21      0.14      0.17       357
          33       0.17      0.09      0.12       301
          34       0.29      0.14      0.19       278

    accuracy                           0.48    409110
   macro avg       0.43      0.43      0.42    409110
weighted avg       0.47      0.48      0.47    409110

Decision Tree Performance:
              precision    recall  f1-score   support

           0       0.36      0.46      0.40     15961
           1       0.21      0.17      0.19     12498
           2       0.19      0.23      0.20     13231
           3       0.30      0.12      0.17     17126
           4       0.39      0.51      0.44     19191
           5       0.25      0.43      0.32     22830
           6       0.24      0.02      0.04     23001
           7       0.00      0.00      0.00     23245
           8       0.30      0.10      0.15     25244
           9       0.23      0.66      0.35     25135
          10       0.25      0.79      0.38     26521
          11       0.51      0.01      0.03     23809
          12       0.00      0.00      0.00     23696
          13       0.25      0.37      0.30     23238
          14       0.43      0.02      0.04     21404
          15       0.59      0.02      0.04     15028
          16       0.24      0.58      0.34     13238
          17       0.00      0.00      0.00     11597
          18       0.25      0.02      0.04     10310
          19       0.18      0.53      0.27      8671
          20       0.30      0.45      0.36      6040
          21       0.00      0.00      0.00      5322
          22       0.00      0.00      0.00      4813
          23       0.00      0.00      0.00      4096
          24       0.20      0.73      0.31      4167
          25       0.00      0.00      0.00      2453
          26       0.00      0.00      0.00      1672
          27       0.00      0.00      0.00      1422
          28       0.00      0.00      0.00      1097
          29       0.12      1.00      0.22       914
          30       0.35      1.00      0.51       742
          31       0.00      0.00      0.00       462
          32       0.00      0.00      0.00       357
          33       0.00      0.00      0.00       301
          34       0.00      0.00      0.00       278

    accuracy                           0.25    409110
   macro avg       0.18      0.23      0.15    409110
weighted avg       0.25      0.25      0.18    409110

